sum = 5.000000
difference = -1.000000
product = 6.000000
division = 0.666667