The two complex numbers are:0+3.04255e-314iand+3+4i
Sum:+3+4i
Difference:-3-4i
Product:-9.12764e-314+9.12764e-314i
